4294967279,28
4294967279,27
4294967279,26
4294967279,25
4294967294,18
4294967294,127
4294967294,14
4294967294,126
4294967294,20
4294967294,13
4294967294,12
4294967294,5
4294967278,274
4294967294,6
4294967294,1415
4294967294,470
4294967294,1414
4294967294,83
4294967293,131
4294967293,130
4294967293,129
4294967293,128
4294967293,127
4294967293,126
4294967293,125
4294967293,124
4294967293,123
4294967293,122
4294967293,121
4294967293,120
4294967293,119
4294967293,118
4294967293,117
4294967293,116
4294967293,115
4294967293,114
4294967293,113
4294967293,112
4294967293,111
4294967293,110
4294967293,109
4294967293,108
4294967293,107
4294967293,106
4294967293,105
4294967293,104
4294967293,103
4294967293,102
4294967293,101
4294967293,100
4294967293,99
4294967293,98
4294967293,97
4294967293,96
4294967293,95
4294967293,94
4294967293,93
4294967293,92
4294967293,91
4294967293,90
4294967293,89
4294967293,87
4294967293,86
4294967293,85
4294967293,84
4294967293,83
4294967293,82
4294967293,81
4294967293,80
4294967293,79
4294967293,78
4294967293,77
4294967293,76
4294967293,75
4294967293,74
4294967293,73
4294967293,72
4294967293,71
4294967293,70
4294967293,69
4294967293,68
4294967293,67
4294967293,66
4294967293,65
4294967293,64
4294967293,63
4294967293,62
4294967293,61
4294967293,60
4294967293,59
4294967293,58
4294967293,57
4294967293,56
4294967293,55
4294967293,54
4294967293,53
4294967293,52
4294967293,51
4294967293,50
4294967293,49
4294967293,48
4294967293,47
4294967293,46
4294967293,45
4294967293,44
4294967293,43
4294967293,42
4294967293,41
4294967293,40
4294967293,39
4294967293,38
4294967293,37
4294967293,36
4294967293,35
4294967293,34
4294967293,33
4294967293,32
4294967293,31
4294967293,30
4294967293,29
4294967293,28
4294967293,27
4294967293,26
4294967293,25
4294967293,24
4294967293,23
4294967293,22
4294967293,21
4294967293,20
4294967293,19
4294967293,18
4294967293,17
4294967293,16
4294967293,15
4294967293,14
4294967293,13
4294967293,12
4294967293,11
4294967293,10
4294967293,9
4294967293,8
4294967293,7
4294967293,6
4294967293,5
4294967293,4
4294967293,3
4294967278,174
4294967278,88
4294967278,260
4294967278,8
4294967278,7
4294967278,6
4294967278,4
4294967279,123
4294967279,122
4294967279,121
4294967279,120
4294967279,118
4294967279,116
4294967279,111
4294967279,110
4294967279,109
4294967279,107
4294967279,104
4294967279,103
4294967279,74
4294967279,73
4294967279,72
4294967279,71
4294967279,70
4294967279,69
4294967279,68
4294967279,67
4294967279,66
4294967279,65
4294967279,64
4294967279,63
4294967279,62
4294967279,61
4294967279,60
4294967279,59
4294967279,58
4294967279,57
4294967279,56
4294967279,55
4294967279,54
4294967279,53
4294967279,52
4294967279,51
4294967279,50
4294967279,49
4294967279,48
4294967279,47
4294967279,46
4294967279,45
4294967279,44
4294967279,43
4294967279,42
4294967279,41
4294967279,40
4294967279,39
4294967279,38
4294967279,37
4294967279,36
4294967279,35
4294967279,34
4294967279,33
4294967279,32
4294967279,31
4294967279,30
4294967279,29
4294967278,272
4294967279,278
4294967278,270
4294967294,436
4294967278,271
4294967278,5
4294967278,379
4294967279,263
4294967279,276
4294967278,282
4294967279,262
4294967278,281
4294967279,280
4294967278,265
4294967278,378
4294967278,10
4294967279,275
4294967278,333
4294967278,264
4294967279,257
4294967278,261
46,5
4294967279,256
46,4
4294967278,262
46,3
46,2
46,1
4294967279,255
4294967278,278
4294967279,253
4294967278,258
4294967279,517
4294967279,568
4294967278,257
4294967294,408
4294967294,385
4294967294,191
4294967294,183
4294967294,169
4294967294,410
4294967294,116
4294967294,453
4294967294,450
4294967294,467
4294967279,516
4294967278,332
4294967278,256
4294967279,567
4294967278,377
4294967279,513
4294967279,252
4294967278,329
4294967279,512
4294967278,330
4294967279,566
4294967279,126
4294967278,328
4294967278,327
4294967278,254
4294967279,250
4294967278,248
4294967278,253
44,5
4294967279,249
44,4
4294967278,250
44,3
44,2
44,1
4294967278,249
4294967279,248
4294967279,117
4294967279,245
4294967279,243
4294967278,242
4294967278,240
4294967279,236
4294967278,238
4294967278,239
4294967279,565
4294967279,115
4294967279,238
4294967278,237
42,6
4294967279,235
4294967279,564
4294967279,113
4294967278,235
4294967278,233
4294967279,233
42,5
4294967279,108
42,4
42,3
42,2
42,1
4294967278,226
4294967279,225
4294967278,224
4294967279,105
4294967294,387
4294967279,219
4294967278,222
4294967279,106
4294967279,220
4294967278,220
41,5
4294967279,217
4294967278,216
4294967279,215
41,4
4294967278,214
41,3
41,2
41,1
4294967279,317
4294967278,213
4294967294,163
4294967278,376
4294967279,563
4294967279,316
4294967278,208
4294967278,207
4294967278,204
4294967278,206
40,5
40,4
4294967278,205
40,3
40,2
40,1
4294967278,375
4294967279,205
4294967278,201
4294967279,314
4294967278,321
4294967278,322
39,5
39,4
39,3
